elevators:
- name: ElevatorA
  id: 1
- name: ElevatorB
  id: 2

floors: 5

status:
- id: 1
  state: transit
  starttime: 2019-05-13 06:59:50.679813
  endtime: 2019-05-13 07:00:20.679813
  floor: 5
- id: 2
  state: transit
  starttime: 2019-05-13 06:59:54.531854
  endtime: 2019-05-13 07:00:54.531854
  floor: 5
